21
5
5
9
4
8
3
2
15
7
4
14
7
41
1
1
5
6
44
7
4
5
9
5
4
5
6
4
7
8
5
5
0
1
0
6
9
4
8
3
2
15
7
4
14
7
41
1
1
44
7
4
5
9
5
4
4
7
8
5
5
0
1
0
6
9
4
8
3
2
15
7
4
14
7
41
1
1
44
7
4
5
9
5
4
4
7
8
5
5
0
1
0
6
9
4
8
3
2
15
7
4
14
7
41
1
1
44
7
4
5
9
5
4
4
7
8
5
5
0
1
0
6
9
4
8
3
2
15
7
4
14
7
41
1
1
44
7
4
5
9
5
4
4
7
8
5
5
0
1
0
6
9
4
8
3
2
15
7
4
14
7
41
1
1
44
7
4
5
9
5
4
4
7
8
5
5
0
1
0
6
9
4
8
3
2
15
7
4
14
7
41
1
1
44
7
4
5
9
5
4
4
7
8
5
5
0
1
0
6
9
4
8
3
2
15
7
4
14
7
41
1
1
44
7
4
5
9
5
4
4
7
8
5
5
0
1
0
6
9
4
8
3
2
15
7
4
14
7
41
1
1
44
7
4
5
9
5
4
4
7
8
5
5
0
1
0
6
9
4
8
3
2
15
7
4
14
7
41
1
1
44
7
4
5
9
5
4
4
7
8
5
5
0
1
0
6
9
4
8
3
2
15
7
4
14
7
41
1
1
44
7
4
5
9
5
4
4
7
8
5
5
0
1
0
21
